('湖州', [119.5, 116.0, 41.0, 1.3, 72.0, 39.0])
('天津', [105.5, 144.5, 95.5, 2.2, 68.0, 21.5])
('杭州', [130.0, 166.5, 40.0, 1.6, 80.5, 38.0])
('大连', [118.5, 160.5, 67.5, 1.35, 49.5, 23.0])
('宁波', [81.0, 123.5, 29.5, 1.4, 65.5, 55.0])
('深圳', [68.5, 101.5, 15.0, 1.2, 30.5, 115.5])
('福州', [56.0, 105.5, 22.0, 0.9, 58.0, 53.0])
('广州', [129.0, 156.5, 35.5, 1.5499999999999998, 100.5, 85.5])
('重庆', [136.5, 183.5, 45.0, 1.6, 41.0, 9.0])
('温州', [102.0, 165.5, 28.0, 1.55, 81.0, 39.5])
('昆明', [27.0, 59.0, 27.5, 1.05, 40.0, 63.0])
('成都', [114.5, 162.0, 29.5, 1.3, 70.5, 40.0])
('苏州', [50.5, 55.0, 18.0, 0.6499999999999999, 60.0, 51.5])
('金华', [125.5, 128.5, 64.5, 1.2999999999999998, 71.0, 65.0])
('廊坊', [134.0, 167.5, 54.5, 1.7000000000000002, 63.5, 47.0])
('沈阳', [93.0, 131.0, 155.5, 1.25, 53.0, 36.5])
('保定', [180.0, 290.5, 111.0, 2.95, 87.0, 22.0])
('柳州', [185.5, 242.5, 52.5, 1.7000000000000002, 75.5, 81.5])
('台州', [80.5, 126.0, 22.5, 1.5, 56.5, 48.0])
('江门', [87.0, 135.0, 37.5, 1.65, 76.0, 101.5])
('常州', [77.0, 112.0, 47.0, 1.2999999999999998, 55.5, 41.5])
('聊城', [379.5, 439.0, 157.0, 4.6, 102.0, 8.0])
('佛山', [113.0, 187.0, 50.0, 1.5499999999999998, 106.5, 78.0])
('宿迁', [65.0, 98.5, 30.0, 1.5499999999999998, 37.0, 45.5])
('长沙', [158.5, 91.0, 37.5, 1.7, 72.5, 30.0])
('泰州', [63.5, 87.0, 31.5, 1.4, 20.0, 40.0])
('丽水', [85.0, 108.0, 38.5, 1.1, 60.0, 75.5])
('贵阳', [116.5, 146.0, 55.5, 1.2, 44.0, 60.5])
('徐州', [92.0, 129.0, 45.0, 1.15, 44.0, 33.5])
('株洲', [163.0, 202.5, 56.5, 1.4500000000000002, 62.5, 31.0])
('濮阳', [202.0, 278.5, 96.0, 3.3, 85.5, 15.0])
('淮安', [61.5, 29.5, 12.0, 1.35, 28.0, 85.5])
('扬州', [87.0, 137.0, 62.0, 0.9, 42.5, 24.0])
('镇江', [112.5, 107.0, 31.5, 1.2000000000000002, 65.0, 36.5])
('石家庄', [333.5, 484.5, 165.0, 4.25, 85.0, 19.5])
('湛江', [47.5, 59.5, 11.0, 1.0, 12.0, 162.5])
('三亚', [61.0, 94.0, 5.0, 0.8500000000000001, 18.0, 128.0])
('威海', [115.0, 160.5, 52.0, 1.4, 56.5, 50.5])
('葫芦岛', [107.5, 158.0, 97.5, 3.3499999999999996, 43.5, 49.0])
('张家口', [97.5, 156.0, 129.5, 1.7999999999999998, 38.5, 48.0])
('东营', [189.5, 271.0, 94.5, 2.15, 69.5, 24.5])
('锦州', [120.5, 167.0, 105.0, 2.05, 51.5, 45.0])
('抚顺', [67.5, 95.0, 53.0, 1.8, 39.5, 42.0])
('宜昌', [231.5, 280.0, 64.0, 1.75, 46.0, 19.0])
('宝鸡', [142.0, 202.5, 98.5, 2.75, 58.5, 38.5])
('长治', [135.5, 218.5, 21.0, 2.4, 46.0, 61.0])
('烟台', [155.0, 166.5, 55.5, 2.05, 70.0, 27.0])
('洛阳', [156.0, 208.0, 67.5, 3.75, 65.5, 38.0])
('营口', [54.0, 89.0, 64.5, 1.5, 43.0, 39.5])
('阳江', [83.0, 131.5, 13.0, 1.5499999999999998, 29.5, 126.0])
('济南', [361.0, 589.0, 161.0, 4.1, 116.0, 13.0])
('哈尔滨', [141.0, 182.0, 138.5, 1.4, 73.5, 27.0])
('南昌', [100.5, 138.5, 35.0, 1.4, 47.5, 44.0])
('绍兴', [112.5, 173.0, 40.5, 1.6, 70.0, 35.0])
('上海', [38.0, 45.0, 19.0, 0.8500000000000001, 54.0, 60.0])
('西安', [128.5, 238.0, 105.5, 3.65, 68.0, 16.5])
('武汉', [226.5, 185.5, 55.0, 2.2, 75.5, 30.5])
('厦门', [53.0, 73.5, 32.5, 0.8, 48.5, 103.5])
('青岛', [142.0, 226.5, 57.5, 2.0, 65.0, 55.5])
('泉州', [46.5, 91.5, 16.5, 0.8, 34.5, 93.5])
('中山', [75.5, 105.0, 26.5, 0.9, 51.0, 100.5])
('北京', [124.5, 141.5, 40.0, 2.2, 64.0, 27.5])
('南京', [107.0, 164.0, 39.5, 1.15, 62.5, 72.0])
('东莞', [109.0, 141.5, 27.5, 1.4500000000000002, 68.0, 150.5])
('郑州', [152.0, 209.0, 133.0, 3.4000000000000004, 88.5, 20.5])
('南通', [47.5, 74.5, 24.0, 0.6499999999999999, 32.5, 71.0])
('盐城', [32.0, 51.5, 14.5, 0.6, 16.5, 77.5])
('无锡', [58.5, 87.0, 32.5, 0.95, 66.5, 39.5])
('珠海', [78.5, 101.0, 16.0, 1.15, 54.0, 111.0])
('惠州', [88.5, 133.5, 23.5, 1.0, 51.5, 142.0])
('嘉兴', [50.0, 67.5, 24.0, 1.35, 60.0, 65.0])
('南宁', [109.5, 146.5, 20.5, 1.35, 44.5, 106.5])
('合肥', [145.0, 131.0, 28.0, 1.6, 48.0, 33.0])
('邯郸', [244.5, 334.0, 164.5, 4.550000000000001, 82.5, 6.5])
('荆州', [233.0, 384.5, 54.5, 2.1, 61.0, 41.5])
('太原', [99.5, 163.5, 123.0, 3.05, 42.5, 11.5])
('咸阳', [105.0, 178.0, 71.5, 1.9500000000000002, 36.5, 20.0])
('日照', [106.0, 153.5, 53.0, 1.2, 52.0, 50.5])
('汕尾', [79.5, 115.0, 16.0, 1.25, 23.5, 149.5])
('清远', [177.5, 217.5, 72.0, 2.0, 97.5, 97.0])
('济宁', [174.5, 298.0, 147.5, 2.2, 75.5, 28.0])
('德阳', [89.5, 115.0, 22.5, 2.3, 65.5, 60.0])
('舟山', [27.0, 55.0, 6.0, 0.8500000000000001, 40.5, 70.0])
('邢台', [281.0, 453.5, 216.5, 3.8499999999999996, 103.5, 23.5])
('潍坊', [201.5, 270.0, 91.5, 2.5, 62.5, 22.5])
('肇庆', [195.5, 261.0, 72.5, 1.95, 104.0, 98.5])
('衢州', [150.5, 178.5, 57.0, 1.2, 69.5, 78.5])
('芜湖', [121.0, 176.0, 42.0, 0.8999999999999999, 36.0, 47.5])
('信阳', [275.0, 357.5, 61.0, 2.25, 81.5, 31.5])
('绵阳', [81.0, 94.5, 15.5, 1.05, 49.5, 55.0])
('自贡', [144.5, 185.0, 34.0, 1.15, 29.0, 25.5])
('哈尔滨', [71.0, 95.66666666666667, 100.33333333333333, 1.0666666666666667, 54.0, 31.333333333333332])
('南昌', [69.33333333333333, 84.33333333333333, 26.333333333333332, 1.4000000000000001, 35.0, 33.333333333333336])
('绍兴', [58.0, 80.33333333333333, 40.666666666666664, 0.9666666666666665, 51.0, 45.333333333333336])
('上海', [37.666666666666664, 56.333333333333336, 20.333333333333332, 0.6999999999999998, 38.333333333333336, 60.0])
('西安', [78.0, 156.66666666666666, 81.33333333333333, 2.733333333333333, 57.0, 22.333333333333332])
('武汉', [179.33333333333334, 121.0, 68.0, 2.1, 67.66666666666667, 33.666666666666664])
('厦门', [42.0, 65.0, 20.666666666666668, 0.7999999999999999, 46.333333333333336, 75.0])
('青岛', [69.0, 122.66666666666667, 62.0, 0.9333333333333332, 49.666666666666664, 46.666666666666664])
('泉州', [36.333333333333336, 81.33333333333333, 11.0, 0.9, 30.333333333333332, 61.333333333333336])
('中山', [60.666666666666664, 84.33333333333333, 28.0, 1.2666666666666666, 57.666666666666664, 54.666666666666664])
('北京', [35.0, 55.0, 28.333333333333332, 1.0666666666666667, 42.333333333333336, 41.666666666666664])
('南京', [61.333333333333336, 96.33333333333333, 27.666666666666668, 0.9, 51.333333333333336, 56.333333333333336])
('东莞', [65.0, 72.33333333333333, 24.0, 1.4666666666666668, 48.333333333333336, 70.0])
('郑州', [103.33333333333333, 155.0, 86.0, 2.966666666666667, 64.66666666666667, 22.333333333333332])
('南通', [44.0, 69.33333333333333, 18.666666666666668, 0.6999999999999998, 21.666666666666668, 75.0])
('盐城', [46.333333333333336, 73.66666666666667, 21.333333333333332, 0.6666666666666666, 20.0, 74.33333333333333])
('无锡', [56.0, 84.0, 32.333333333333336, 1.0999999999999999, 52.333333333333336, 42.333333333333336])
('珠海', [62.333333333333336, 84.0, 19.666666666666668, 1.4000000000000001, 75.66666666666667, 81.66666666666667])
('惠州', [51.666666666666664, 76.33333333333333, 19.333333333333332, 1.1666666666666667, 39.333333333333336, 77.66666666666667])
('嘉兴', [49.333333333333336, 69.0, 28.333333333333332, 1.4666666666666668, 45.666666666666664, 69.33333333333333])
('南宁', [90.33333333333333, 124.33333333333333, 38.333333333333336, 1.5, 44.333333333333336, 53.666666666666664])
('合肥', [106.66666666666667, 87.66666666666667, 19.666666666666668, 1.3, 31.666666666666668, 31.0])
('邯郸', [184.66666666666666, 242.0, 121.66666666666667, 3.1666666666666665, 70.33333333333333, 27.0])
('荆州', [164.0, 265.3333333333333, 84.66666666666667, 2.1999999999999997, 55.0, 36.333333333333336])
('太原', [50.666666666666664, 97.0, 88.66666666666667, 2.533333333333333, 31.333333333333332, 27.333333333333332])
('咸阳', [64.33333333333333, 121.33333333333333, 69.0, 1.7333333333333332, 34.0, 38.0])
('日照', [80.0, 122.0, 54.333333333333336, 1.2333333333333334, 47.333333333333336, 49.666666666666664])
('汕尾', [54.0, 74.0, 7.666666666666667, 1.1666666666666667, 20.0, 87.0])
('清远', [63.333333333333336, 70.33333333333333, 38.0, 1.9000000000000001, 38.333333333333336, 64.66666666666667])
('济宁', [126.66666666666667, 201.66666666666666, 140.0, 1.7333333333333334, 59.0, 29.333333333333332])
('德阳', [73.33333333333333, 100.33333333333333, 23.0, 1.2, 57.0, 71.66666666666667])
('舟山', [25.333333333333332, 49.333333333333336, 14.666666666666666, 0.5, 21.333333333333332, 86.33333333333333])
('邢台', [204.0, 332.0, 186.0, 2.6, 90.33333333333333, 19.666666666666668])
('潍坊', [93.33333333333333, 150.66666666666666, 93.66666666666667, 1.5, 39.333333333333336, 53.333333333333336])
('肇庆', [96.33333333333333, 112.66666666666667, 33.666666666666664, 1.5, 48.666666666666664, 48.0])
('衢州', [60.0, 75.66666666666667, 22.0, 0.8333333333333334, 40.333333333333336, 38.0])
('芜湖', [63.0, 89.66666666666667, 50.666666666666664, 0.5666666666666668, 31.666666666666668, 51.333333333333336])
('信阳', [143.33333333333334, 203.66666666666666, 57.333333333333336, 0.7333333333333334, 21.333333333333332, 38.333333333333336])
('绵阳', [70.0, 96.66666666666667, 20.0, 0.8333333333333334, 44.333333333333336, 63.333333333333336])
('自贡', [84.33333333333333, 109.33333333333333, 30.666666666666668, 0.6999999999999998, 26.333333333333332, 22.666666666666668])
('湖州', [54.0, 71.0, 31.0, 0.9, 44.333333333333336, 58.0])
('天津', [78.0, 130.66666666666666, 96.33333333333333, 1.7, 62.333333333333336, 33.0])
('杭州', [52.0, 72.66666666666667, 30.333333333333332, 0.8666666666666667, 47.666666666666664, 42.0])
('大连', [41.0, 74.33333333333333, 63.666666666666664, 0.8000000000000002, 37.333333333333336, 38.666666666666664])
('宁波', [41.0, 64.0, 17.666666666666668, 1.1333333333333335, 44.666666666666664, 55.0])
('深圳', [52.0, 75.66666666666667, 10.333333333333334, 1.5333333333333332, 40.666666666666664, 62.0])
('福州', [31.666666666666668, 52.666666666666664, 11.666666666666666, 0.7666666666666666, 39.333333333333336, 53.0])
('广州', [69.33333333333333, 90.0, 15.0, 1.5999999999999999, 55.0, 45.666666666666664])
('重庆', [83.66666666666667, 106.33333333333333, 38.333333333333336, 1.2666666666666666, 36.0, 10.0])
('温州', [42.666666666666664, 72.33333333333333, 18.666666666666668, 1.1333333333333333, 44.666666666666664, 47.0])
('昆明', [34.333333333333336, 73.66666666666667, 23.666666666666668, 1.0666666666666667, 41.666666666666664, 64.33333333333333])
('济南', [111.0, 187.0, 126.0, 1.6666666666666667, 58.666666666666664, 34.0])
('成都', [84.33333333333333, 129.0, 25.666666666666668, 0.9666666666666667, 56.333333333333336, 49.666666666666664])
('苏州', [55.0, 62.333333333333336, 19.666666666666668, 0.7666666666666666, 51.666666666666664, 52.666666666666664])
('金华', [65.33333333333333, 57.666666666666664, 36.666666666666664, 0.9, 44.0, 36.666666666666664])
('廊坊', [88.66666666666667, 129.66666666666666, 67.66666666666667, 1.2666666666666666, 61.666666666666664, 43.0])
('沈阳', [62.0, 107.0, 125.0, 1.1333333333333335, 54.666666666666664, 40.666666666666664])
('保定', [154.66666666666666, 246.0, 103.66666666666667, 2.9, 78.0, 39.0])
('柳州', [91.0, 106.33333333333333, 39.0, 1.5666666666666667, 33.333333333333336, 71.66666666666667])
('台州', [37.0, 57.666666666666664, 22.0, 1.1333333333333333, 30.666666666666668, 60.333333333333336])
('江门', [67.0, 102.0, 32.666666666666664, 1.6666666666666667, 70.33333333333333, 37.333333333333336])
('常州', [52.333333333333336, 77.0, 32.333333333333336, 1.0999999999999999, 35.666666666666664, 53.666666666666664])
('聊城', [134.33333333333334, 169.66666666666666, 93.0, 2.6999999999999997, 63.0, 17.666666666666668])
('佛山', [68.66666666666667, 108.0, 33.333333333333336, 1.7666666666666666, 61.333333333333336, 40.333333333333336])
('宿迁', [57.0, 91.0, 36.666666666666664, 1.6333333333333335, 32.333333333333336, 45.333333333333336])
('长沙', [140.0, 54.0, 36.5, 1.7999999999999998, 64.5, 31.0])
('泰州', [55.0, 78.66666666666667, 28.333333333333332, 1.8, 14.666666666666666, 47.666666666666664])
('丽水', [47.333333333333336, 62.333333333333336, 21.666666666666668, 0.7666666666666667, 38.666666666666664, 54.333333333333336])
('贵阳', [76.66666666666667, 78.33333333333333, 42.666666666666664, 1.2, 34.0, 49.666666666666664])
('徐州', [83.33333333333333, 115.0, 43.0, 1.2, 46.0, 38.0])
('株洲', [126.33333333333333, 149.0, 38.666666666666664, 1.2333333333333334, 40.0, 26.333333333333332])
('濮阳', [116.33333333333333, 162.66666666666666, 64.66666666666667, 1.9333333333333333, 60.0, 31.0])
('淮安', [69.33333333333333, 75.66666666666667, 30.666666666666668, 1.3, 27.0, 77.33333333333333])
('扬州', [58.666666666666664, 87.33333333333333, 33.0, 0.7000000000000001, 31.0, 42.0])
('镇江', [53.0, 71.0, 21.666666666666668, 1.0, 41.666666666666664, 47.333333333333336])
('石家庄', [165.0, 295.6666666666667, 167.66666666666666, 2.6333333333333333, 72.33333333333333, 25.333333333333332])
('湛江', [35.333333333333336, 41.666666666666664, 21.0, 1.3333333333333333, 21.0, 98.0])
('三亚', [34.0, 56.666666666666664, 2.6666666666666665, 0.7333333333333334, 13.0, 90.33333333333333])
('威海', [27.0, 50.333333333333336, 31.666666666666668, 0.6333333333333334, 21.666666666666668, 69.0])
('葫芦岛', [55.666666666666664, 92.0, 63.333333333333336, 2.566666666666667, 38.333333333333336, 60.0])
('张家口', [36.666666666666664, 89.0, 71.66666666666667, 0.9666666666666668, 24.333333333333332, 51.0])
('东营', [76.33333333333333, 132.0, 118.0, 1.2666666666666666, 59.0, 42.666666666666664])
('锦州', [69.0, 97.33333333333333, 83.33333333333333, 1.4333333333333333, 40.333333333333336, 53.0])
('抚顺', [62.333333333333336, 106.33333333333333, 60.0, 1.4333333333333333, 38.666666666666664, 41.333333333333336])
('宜昌', [168.0, 203.66666666666666, 66.33333333333333, 1.9000000000000001, 33.333333333333336, 26.333333333333332])
('宝鸡', [78.0, 126.33333333333333, 61.666666666666664, 2.2666666666666666, 46.333333333333336, 43.0])
('长治', [85.33333333333333, 145.66666666666666, 35.0, 2.3000000000000003, 42.333333333333336, 73.33333333333333])
('烟台', [43.0, 59.0, 45.666666666666664, 0.9, 40.0, 53.666666666666664])
('洛阳', [115.33333333333333, 172.0, 54.333333333333336, 3.266666666666666, 55.333333333333336, 35.333333333333336])
('营口', [24.0, 45.666666666666664, 64.66666666666667, 1.1, 39.333333333333336, 50.0])
('阳江', [61.0, 93.0, 16.666666666666668, 1.7999999999999998, 41.0, 59.333333333333336])
